Template: NONE
DangerType: Blizzard
CeilingDrips: 0
WaveSpeed: 0.4031028
WaveLength: 0.9515514
WaveAmplitude: 0.005714959
SecondWaveLength: 0.1666667
SecondWaveAmplitude: 0
Palette: 81
EffectColorA: 21
EffectColorB: 9
PlacedObjects: LanternOnStick><427.3964><360.421><-7~-120, 
FadePalette: 33, 0.6086956, 0.6086956, 0.6086956, 0.6086956
WetTerrain: OFF
