Template: NONE
DangerType: Blizzard
CeilingDrips: 0
WaveSpeed: 0.5138457
WaveLength: 0.9930772
WaveAmplitude: 0.02976622
SecondWaveLength: 0.1666667
SecondWaveAmplitude: 0
Palette: 81
EffectColorA: 21
EffectColorB: 9
PlacedObjects: KarmaFlower><438.6111><553.3594><115.7899~-62.39996~5~7, 
FadePalette: 33, 0.6008747
