Template: NONE
Palette: 11
EffectColorA: 6
EffectColorB: 21
FadePalette: 10, 0.2065217, 0.2065217
BackgroundOffset: 0,1060.871
